0 
1 
2 
3 
4 14 24 33 37 47 48 52 55 57 67 70 83 89 97 99 102 105 107 131 134 143 149 155 156 157 158 160 163 177 179 180 184 207 208 209 210 212 213 218 225 227 231 243 249 256 260 263 265 268 269 283 289 295 297 304 311 313 319 321 329 336 338 348 352 369 374 386 396 402 404 414 417 429 440 448 449 450 451 457 463 473 479 481 485 492 493 494 499 505 506 507 519 538 547 548 552 553 555 558 564 565 571 577 589 591 599 612 627 628 634 640 648 650 654 656 658 660 662 668 670 682 692 698 709 727 728 730 733 736 740 745 754 765 771 775 779 790 792 802 803 808 810 812 813 814 816 819 822 826 844 847 860 862 863 869 874 875 876 877 881 895 898 902 903 904 906 910 911 915 920 921 922 928 929 931 933 939 945 946 947 949 955 956 961 966 968 974 975 987 989 990 996 1006 1010 1012 1015 1017 1021 1025 1026 1033 1037 1058 1059 1061 1062 1066 1068 1073 1074 1081 1082 1085 1086 1090 
5 44 46 49 133 137 145 151 183 193 195 206 353 395 416 444 544 546 562 625 629 641 697 714 716 739 758 786 909 948 994 1003 1046 1092 
6 
7 80 110 164 194 202 349 461 560 590 756 927 932 
8 378 655 702 798 907 
9 73 616 711 752 855 
10 85 293 472 624 689 691 731 774 934 969 979 999 
11 
12 
13 
15 29 42 45 61 104 108 118 124 168 178 182 266 270 292 299 344 393 502 509 528 664 705 713 751 900 923 936 
16 
17 43 53 172 294 334 343 380 383 465 539 551 620 639 707 742 861 977 1076 
18 
19 
20 
21 192 
22 26 224 255 305 381 425 455 496 537 568 575 619 669 749 821 957 986 
23 
25 62 92 188 197 426 522 523 845 
27 
28 96 340 364 
30 
31 39 76 121 123 152 181 203 272 302 346 388 530 543 609 647 817 857 871 885 892 908 938 965 967 1024 1056 
32 144 
34 
35 
36 60 112 332 549 935 
38 
40 391 511 
41 
50 
51 
54 
56 
58 604 
59 
63 392 531 610 623 823 
64 159 254 298 409 442 681 914 
65 
66 
68 138 171 351 477 603 721 726 954 
69 74 100 150 187 219 226 236 284 287 347 536 672 688 809 
71 115 327 422 476 582 588 594 744 780 896 
72 
75 
77 
78 424 587 611 879 
79 
81 
82 230 376 602 982 988 1005 1049 
84 
86 
87 469 510 554 626 665 720 849 884 924 
88 
90 127 300 307 646 
91 
93 154 
94 873 1001 
95 128 818 1045 
98 
101 385 615 868 
103 
106 
109 
111 
113 456 
114 
116 
117 229 574 717 799 864 1048 1064 
119 
120 
122 
125 515 579 834 
126 373 806 833 839 
129 
130 273 375 382 524 613 1039 
132 
135 
136 
139 
140 286 303 621 747 
141 
142 
146 687 762 890 991 997 1041 1053 
147 291 
148 267 
153 
161 259 617 
162 
165 
166 
167 1020 
169 
170 198 281 584 
173 
174 328 489 581 804 
175 800 
176 
185 
186 
189 468 642 976 
190 261 278 
191 
196 
199 204 467 652 801 958 1047 
200 1051 
201 
205 
211 
214 
215 
216 593 807 
217 
220 
221 
222 341 695 
223 
228 
232 
233 
234 
235 
237 
238 
239 
240 
241 
242 441 618 
244 
245 309 843 
246 
247 
248 
250 
251 
252 
253 
257 
258 
262 
264 326 940 
271 
274 
275 
276 
277 561 
279 
280 
282 
285 
288 342 484 841 
290 
296 
301 
306 978 
308 
310 
312 
314 
315 330 532 973 1013 1014 
316 578 
317 
318 
320 916 
322 
323 1079 
324 394 
325 
331 498 793 
333 
335 
337 
339 
345 
350 
354 993 
355 503 677 836 837 
356 
357 
358 
359 495 
360 
361 
362 
363 
365 
366 
367 712 858 
368 
370 
371 413 842 901 
372 
377 
379 
384 445 487 830 1089 1091 
387 
389 
390 667 
397 
398 
399 
400 
401 680 
403 
405 
406 514 708 805 
407 
408 
410 508 559 
411 
412 
415 
418 
419 
420 
421 
423 
427 850 
428 
430 
431 1009 1063 
432 
433 
434 
435 
436 
437 
438 
439 
443 
446 
447 635 701 1002 
452 
453 795 
454 
458 
459 535 846 
460 
462 
464 
466 
470 732 
471 
474 
475 
478 
480 
482 
483 
486 
488 
490 
491 632 912 
497 
500 
501 
504 735 
512 
513 
516 
517 777 1036 
518 
520 
521 
525 
526 725 770 
527 
529 
533 724 981 
534 
540 
541 
542 
545 
550 
556 
557 
563 
566 
567 
569 
570 
572 
573 
576 
580 
583 737 970 
585 
586 
592 
595 
596 776 
597 
598 
600 
601 
605 
606 
607 
608 
614 
622 
630 
631 
633 
636 
637 
638 
643 
644 
645 
649 
651 
653 
657 
659 
661 
663 
666 
671 
673 
674 
675 
676 755 
678 
679 1040 
683 
684 
685 
686 1023 1027 
690 
693 
694 
696 
699 
700 
703 
704 
706 
710 
715 1072 
718 
719 
722 1007 
723 
729 
734 
738 
741 
743 
746 
748 
750 
753 
757 
759 
760 
761 
763 
764 866 
766 
767 
768 
769 
772 
773 
778 
781 
782 964 
783 
784 
785 
787 
788 
789 
791 
794 
796 
797 
811 
815 
820 
824 
825 
827 
828 
829 
831 
832 
835 
838 
840 
848 
851 
852 
853 
854 
856 
859 
865 
867 
870 
872 
878 
880 
882 
883 
886 
887 
888 
889 
891 
893 
894 
897 
899 
905 
913 
917 
918 
919 944 
925 
926 
930 
937 
941 
942 
943 
950 
951 
952 
953 
959 
960 
962 
963 
971 
972 
980 
983 
984 
985 
992 
995 
998 
1000 
1004 
1008 
1011 
1016 
1018 
1019 
1022 
1028 
1029 
1030 
1031 
1032 
1034 
1035 
1038 
1042 
1043 
1044 
1050 
1052 
1054 
1055 
1057 
1060 
1065 
1067 
1069 
1070 
1071 
1075 
1077 
1078 
1080 
1083 
1084 
1087 
1088 
1093 
1094 
1095 
1096 
